                                                                                
                                 [0;34;40mt[0;1;30;90;40m8[0;34;40m8[0;30;5;40;100mX[0;34;40m8[0;30;5;40;100mS[0;34;40m8[0;30;5;40;100mS[0;34;40m8[0;30;5;40;100mS[0;34;40m8[0;30;5;40;100m@[0;34;40mX[0;31;40mS[0m                                 
                          [0;34;40m%[0;30;5;40;100m8[0;34;5;40;100m8[0;1;30;90;40m8[0;34;5;40;100m8[0;1;30;90;40m8[0;30;5;40;100m@[0;34;40m@[0;31;40m@[0;1;30;90;40m@[0;35;5;40;100mS[0;33;5;40;100m:[0;31;5;40;100mX[0;31;40m;[0;30;5;40;100m8[0;31;5;40;100m@[0;34;40m:[0;31;40mS[0;1;30;90;40mS@@[0;34;5;40;100m8[0;1;30;90;40m8[0;34;5;40;100m8[0;1;30;90;40m8[0;34;5;40;100m8[0;1;30;90;40m8[0;34;40m%[0m                          
                      [0;34;40mS[0;34;5;40;100mS[0;1;30;90;40m8[0;34;5;40;100mX[0;31;40mX[0;34;40m%[0;1;30;90;40m@[0;35;5;40;100mt[0;31;40m;[0;1;37;97;47mt[0;35;5;40;100m [0;1;37;97;47m8[0;1;30;90;40m8[0;37;5;40;100mX@[0;32;40mt[0;1;30;90;47m%[0;36;5;40;100m  [0;37;5;40;100m8[0;32;40mt[0;34;40mt[0;1;30;90;40m@[0;31;40mt[0;34;40m;[0;31;40m%[0;35;5;40;100m [0;1;30;90;47m%[0;31;40m%;[0;30;5;40;100m@@[0;34;5;40;100m8[0;1;30;90;40m8[0;34;5;40;100m@[0;31;40m%[0m                      
                   [0;1;30;90;40m8[0;34;5;40;100m8[0;30;5;40;100m@[0;31;40mX[0;34;40mt[0;31;40mt;[0;37;5;40;100m@[0;1;37;97;47m;[0;37;5;40;100mX[0;1;37;97;47m8[0;30;5;40;100m@[0;1;30;90;47m8[0;1;37;97;47m [0;1;30;90;47mS[0;37;5;40;100mS[0;33;5;40;100mS[0;1;30;90;47m@[0;35;5;40;100m [0;1;30;90;47m%[0;30;5;40;100m@[0;37;5;40;100mX[0;1;30;90;47m@[0;35;5;40;100m [0;30;5;40;100mX[0;31;5;40;100mS[0;36;5;40;100m:[0;32;40m%[0;30;5;40;100mX[0;37;5;40;100mS[0;1;30;90;47m [0;34;40m;[0;1;30;90;47mt[0;37;5;40;100m@[0;1;37;97;47m.[0;30;5;40;100m8[0;31;40mt;[0;34;40m@[0;34;5;40;100mS[0;30;5;40;100m8[0;34;40m8[0m                   
                [0;34;40mS[0;35;5;40;100m8[0;34;40m8[0;1;30;90;40mX[0;31;40mt[0;34;40mt[0;1;30;90;40mS[0;31;40mt[0;32;40m%[0;34;40m%[0;32;40mt[0;1;30;90;47m.[0;33;5;40;100mS[0;35;5;40;100m%[0;33;5;40;100m.[0;1;30;90;40mX[0;31;5;40;100mS[0;32;40m;[0;34;40m%S[0;30;5;40;100m@[0;1;30;90;40m8[0;34;40m8[0;30;5;40;100m8[0;1;30;90;40m888[0;34;40m8[0;1;30;90;40m@X[0;31;40m%[0;36;5;40;100m.[0;35;5;40;100m [0;30;5;40;100m8[0;31;40mt[0;36;5;40;100m [0;1;37;97;47m:[0;37;5;40;100m@[0;31;40mt[0;34;40mt[0;32;40m%[0;31;40mS;t[0;1;30;90;40m8[0;34;5;40;100m8[0;30;5;40;100m@[0;34;40mX[0m                
              [0;1;30;90;40m8[0;34;5;40;100mS[0;1;30;90;40m8[0;31;40m:%[0;32;40mt[0;31;40mt[0;32;40mt[0;31;40mt[0;1;30;90;40mX[0;34;40mt[0;31;40mS[0;1;30;90;40mS[0;31;40m;[0;34;40mS[0;1;30;90;40m88[0;34;40m8[0;34;5;40;100m8[0;1;30;90;40m@[0;34;5;40;100m8[0;34;40mSX[0;1;30;90;40m8[0;34;40m@@[0;36;5;40;100m8[0;34;40mX@[0;1;30;90;40m8[0;34;40m8[0;34;5;40;100m8[0;34;40m8[0;34;5;40;100m8[0;1;30;90;40m88[0;30;5;40;100m8[0;34;40mX[0;31;40m%[0;32;40mt[0;1;30;90;40mS[0;31;40mt[0;1;30;90;40mX[0;32;40mt[0;34;40m%[0;32;40m%[0;31;40mt;t[0;30;5;40;100m8[0;34;5;40;100m@[0;1;30;90;40m8[0m              
            [0;1;30;90;40m8[0;34;5;40;100mX[0;34;40mS[0;31;40m%[0;34;40m;[0;32;40m%[0;1;30;90;40mX[0;34;40mt[0;1;30;90;40mX[0;31;40mt[0;34;40m%[0;32;40m%[0;1;30;90;40m8[0;30;5;40;100m8[0;34;40m8[0;34;5;40;100m@[0;1;30;90;40m8[0;34;40m@@[0;32;40m8[0;34;40m8@[0;32;40m8[0;34;5;40;100m8[0;32;40mX[0;30;44m8[0;30;42m8[0;34;40m8X[0;1;30;90;40m8[0;34;40m8[0;30;42m8[0;34;40m8[0;32;40m8[0;34;40m8[0;32;40m8[0;30;44m88[0;1;30;90;40m8[0;34;40m8[0;34;5;40;100mS[0;1;30;90;40m@[0;34;5;40;100m8[0;31;40m;[0;34;40mt[0;31;40m%[0;1;30;90;40mX[0;31;40mt[0;34;40m%[0;32;40m%[0;34;40m%[0;31;40mt;[0;34;40mX[0;35;5;40;100m8[0;34;40mX[0m            
          [0;34;40mt[0;35;5;40;100m8[0;34;40mX[0;31;40m%%[0;32;40m%[0;31;40mS[0;34;40m%[0;31;40m%[0;32;40m%[0;31;40mt[0;1;30;90;40m8[0;30;5;40;100m8[0;34;5;40;100m8[0;34;40mX[0;30;5;40;100m8[0;34;40mX[0;32;40mX[0;34;5;40;100m8[0;32;40mX[0;34;40m8[0;30;5;40;100mX[0;32;40m@[0;30;44m8[0;36;5;40;100m8[0;34;40mt8[0;36;5;40;100m8[0;34;40m@[0;32;40m8[0;30;44m8[0;30;42m8[0;30;44m@8[0;1;30;90;42m8[0;30;44m8[0;30;5;40;100mS[0;34;40m8[0;30;42m8[0;1;30;90;44m8[0;32;40m8[0;30;44m8[0;32;40m8[0;30;44m8[0;32;40mX[0;1;30;90;44m8[0;30;5;40;100m88[0;34;40m%[0;32;40mS[0;31;40mS[0;1;30;90;40mX[0;31;40mt[0;32;40m%[0;1;30;90;40mX[0;31;40m;[0;32;40mt[0;30;5;40;100m8[0;34;5;40;100mS[0;34;40m;[0m          
         [0;30;5;40;100m8[0;34;5;40;100m@[0;31;40m:[0;32;40mt[0;1;30;90;40mX[0;34;40mt[0;1;30;90;40mX[0;32;40mt[0;1;30;90;40mX[0;32;40mt[0;1;30;90;40m8[0;34;5;40;100m8[0;1;30;90;40m@[0;34;40mX%[0;1;30;90;40m88[0;30;5;40;100m88[0;1;30;90;40m8[0;30;5;40;100m8[0;32;40m8[0;30;44m8[0;34;40m8[0;32;40m8[0;34;40m@[0;36;5;40;100m8[0;32;40m%[0;34;5;40;100mX[0;32;40mX[0;30;44m@[0;32;40m8[0;1;30;90;44m8[0;32;40m8[0;1;30;90;44m8[0;1;30;90;40m8[0;34;40m8[0;32;40m8[0;30;44m@[0;34;40m8[0;36;5;40;100m8[0;34;40mX[0;32;40m8[0;30;44mX[0;32;40m8[0;30;44mX[0;32;40m8[0;30;44m8[0;34;40m8[0;34;5;40;100mX[0;30;5;40;100m8[0;34;40mX[0;32;40m%[0;1;30;90;40mX[0;31;40mt[0;34;40mt[0;32;40m%[0;31;40m%[0;34;40mt[0;31;40m%[0;34;5;40;100mS[0;1;30;90;40m8[0m         
        [0;34;5;40;100mX[0;34;40mX[0;31;40mS[0;32;40mt[0;31;40m%[0;34;40mt[0;32;40m%[0;31;40m%[0;34;40m%[0;31;40mS[0;34;5;40;100m@[0;34;40m@%[0;33;5;40;100m8[0;1;30;90;43mt[0;1;31;91;43m8[0;33;5;43;103m:[0;1;33;93;43m.[0;1;31;91;5;43;103m@[0;33;5;43;103m [0;33;5;41;101m [0;33;5;43;103m  :[0;1;33;93;43m:t[0;1;30;90;43mtt[0;30;5;40;100m@[0;34;40mS8[0;1;30;90;42m8[0;34;40m8@[0;32;40m8[0;34;40m8[0;30;42m8[0;30;44m@[0;34;46m8[0;32;40m@[0;34;40m@[0;32;40m@[0;30;44m88[0;1;30;90;42m8[0;30;44m@[0;34;40m8[0;30;5;40;100mS[0;32;40m@[0;30;44m8[0;32;5;40;100m8[0;33;5;40;100m8[0;1;30;90;43m8[0;31;43m@[0;33;5;40;100m8[0;1;30;90;41m8[0;32;40mt[0;34;40mS[0;1;30;90;40mX[0;31;40mt[0;32;40mt[0;31;40mt[0;34;5;40;100m8X[0;31;40m:[0m       
      [0;31;40m:[0;35;5;40;100m8[0;34;40m%[0;31;40mS[0;32;40m%[0;34;40mS[0;1;30;90;40m@[0;31;40m%[0;1;30;90;40mS[0;32;40mt[0;30;5;40;100m@[0;34;5;40;100m8[0;34;40m;[0;30;5;40;100mX[0;31;43m:[0;1;31;91;5;43;103m8[0;33;5;43;103m [0;33;5;41;101m [0;33;5;43;103m [0;1;33;93;5;41;101m8[0;1;31;91;5;43;103m88[0;33;5;43;103m [0;33;5;41;101m:[0;33;5;43;103m;.[0;1;31;91;5;43;103m8[0;33;5;43;103m  [0;1;33;93;43m:[0;33;5;43;103m [0;1;33;93;43m%[0;33;5;40;100m8[0;34;40mXX[0;32;40m8[0;30;44m@[0;32;40m8[0;30;44mX[0;32;40m8[0;34;40mX8[0;32;5;40;100mS[0;30;44m8[0;30;42m8[0;30;44m8[0;34;40m@[0;30;42m8[0;30;44m8[0;34;40m8[0;32;5;40;100mS[0;1;33;93;43m%[0;33;5;43;103m [0;33;5;41;101m [0;33;5;43;103m [0;1;33;93;5;41;101m8[0;33;5;43;103m [0;33;5;41;101m:[0;33;5;43;103mX[0;31;5;40;100m8[0;32;40m;[0;34;40mt[0;1;30;90;40mS[0;31;40m;:%[0;35;5;40;100m8[0;34;40m:[0m      
     [0;31;40m.[0;34;5;40;100m@[0;34;40mS[0;31;40mS[0;32;40mS[0;1;30;90;40m@[0;31;40m%[0;32;40mt[0;1;30;90;40mS[0;31;40m;[0;34;5;40;100mX[0;34;40mS[0;1;30;90;40m@[0;33;41m8[0;33;5;41;101m [0;33;5;43;103m [0;1;33;93;5;41;101m8[0;1;31;91;5;43;103m8[0;33;5;43;103m [0;33;5;41;101m [0;33;5;43;103m [0;1;31;91;5;43;103m88[0;33;5;43;103m ;[0;1;31;91;43m8[0;33;5;43;103m .[0;33;5;41;101m:[0;33;5;43;103m  [0;1;33;93;5;41;101m8[0;33;5;43;103m ;[0;1;30;90;43m:[0;30;5;40;100m@[0;34;40m8[0;1;30;90;40m8[0;1;30;90;44m8[0;32;40m@[0;1;30;90;44m8[0;32;40m8[0;34;40m8[0;32;40m@[0;30;44m8[0;32;40m8[0;30;44m8[0;30;42m8[0;1;30;90;44m8[0;32;40m8[0;34;5;40;100mX[0;1;33;93;43mX[0;1;31;91;5;43;103m8[0;1;31;91;43m8[0;1;30;90;43mX[0;1;30;90;40m8[0;31;5;40;100m8[0;31;43m8[0;33;5;43;103m%[0;33;5;41;101m.[0;33;5;43;103m;[0;31;5;40;100m8[0;32;40m;[0;31;40mt[0;32;40m%[0;34;40m%[0;32;40m%[0;34;40mX[0;35;5;40;100mX[0;34;40m.[0m     
     [0;34;5;40;100mX[0;1;30;90;40m8[0;31;40m%[0;32;40mS[0;34;40mS[0;31;40m%[0;32;40m%[0;34;40m%[0;31;40m%[0;34;5;40;100m@[0;1;30;90;40mX[0;34;40mX[0;33;41m8[0;33;5;41;101m [0;1;31;91;5;43;103m8[0;31;5;41;101m [0;1;31;91;5;43;103m8[0;1;33;93;5;41;101m8[0;33;5;43;103m [0;1;31;91;5;43;103m8[0;1;33;93;5;41;101m8[0;33;5;43;103m [0;33;5;41;101m [0;33;5;43;103m [0;33;5;41;101m [0;33;5;43;103m [0;1;33;93;43m.[0;33;5;43;103m .[0;33;5;41;101m;[0;33;5;43;103m:;[0;1;31;91;43m8[0;33;5;43;103m  [0;1;33;93;43m.[0;31;5;40;100mS[0;32;40mX[0;34;40m8[0;1;30;90;40m8[0;34;40m8[0;32;40m8[0;36;5;40;100m8[0;34;40m8[0;36;5;40;100m8[0;34;40m@[0;32;40m8[0;30;44m@[0;32;40mX[0;30;44m@[0;1;30;90;43m:[0;33;5;43;103m [0;31;43m8[0;35;5;40;100mS[0;34;40m@@@8[0;30;5;40;100mX[0;1;30;90;43mt[0;33;5;43;103m [0;33;5;41;101mX[0;1;30;90;40m8[0;34;40m%[0;1;30;90;40mX[0;31;40mt[0;1;30;90;40mX[0;32;40m;[0;1;30;90;40m8[0;34;5;40;100mX[0m     
    [0;1;30;90;40m@[0;34;5;40;100mS[0;31;40m;[0;34;40m%[0;31;40mS[0;1;30;90;40mS[0;32;40mt[0;31;40mS[0;1;30;90;40mX[0;34;5;40;100m@[0;34;40mt[0;1;30;90;40mX8[0;31;43m8[0;33;5;41;101m [0;1;33;93;5;41;101m8[0;33;5;41;101m .  [0;33;5;43;103m [0;31;5;41;101m [0;33;5;43;103m [0;33;5;41;101m [0;33;5;43;103m  [0;1;33;93;5;41;101m8[0;1;31;91;5;43;103m@[0;33;5;43;103m [0;1;33;93;43m.[0;33;5;43;103m .[0;1;31;91;43m8[0;33;5;43;103m [0;33;5;41;101m.[0;33;5;43;103m. [0;1;33;93;43m.[0;33;5;43;103m.[0;1;30;90;43mt[0;33;5;40;100m8[0;34;40m@8X[0;32;40m@[0;34;40m@[0;1;30;90;40m8[0;30;44m8[0;32;5;40;100mX[0;34;40m88[0;1;33;93;43m:[0;1;33;93;5;41;101m8[0;1;30;90;43m8[0;30;5;40;100mX[0;34;40m@[0;1;30;90;42m8[0;34;40m8[0;32;40m8[0;30;44m8[0;30;5;40;100m8[0;1;31;91;43m8[0;33;5;43;103m [0;34;40mX[0;31;40m%[0;32;40m%[0;34;40mt[0;31;40m%[0;1;30;90;40mS[0;34;40m;[0;35;5;40;100m8[0;34;40m%[0m    
   [0;31;40m.[0;35;5;40;100m8[0;34;40m;[0;1;30;90;40mX[0;30;5;40;100m8[0;33;5;40;100m8[0;31;40m@[0;33;5;40;100m8[0;34;40mt[0;1;30;90;40m8@[0;34;40mX[0;32;40mS[0;34;40m@[0;31;5;40;100mS[0;33;5;41;101mt[0;1;31;91;43m8[0;1;31;91;5;43;103m8[0;1;33;93;5;41;101m8[0;1;33;93;43m.[0;33;5;41;101m ;[0;1;31;91;43m8[0;33;5;41;101m;[0;1;33;93;43m:[0;31;5;41;101m [0;33;5;41;101m [0;1;33;93;43m:[0;1;31;91;43m8[0;33;5;43;103m;[0;1;31;91;5;43;103m8[0;1;33;93;43m.[0;33;5;43;103m [0;1;31;91;43m8[0;33;5;43;103m :: .[0;33;5;41;101mt[0;33;5;43;103mt[0;31;40mX[0;1;30;90;40m8[0;1;30;90;42m8[0;34;40m88[0;32;40m8[0;34;5;40;100mS[0;32;40mX[0;34;40m8[0;32;40m8[0;34;5;40;100m8[0;33;5;43;103m [0;1;33;93;5;41;101m8[0;1;30;90;43m8[0;31;5;40;100mX[0;34;40m88[0;32;5;40;100mS[0;34;40m8[0;1;30;90;40m8[0;30;44m8[0;33;5;43;103m.[0;33;5;41;101m%[0;30;5;40;100m@[0;34;40mt[0;31;40m%[0;32;40mS[0;1;30;90;40mS[0;31;40m;[0;32;40m;[0;34;40m;[0;35;5;40;100mX[0;34;40m:[0m   
   [0;1;30;90;40mX[0;34;5;40;100m@[0;35;5;40;100m [0;1;30;90;47m%[0;33;5;43;103m%%%%;[0;1;33;93;43m::[0;1;30;90;43m@[0;1;30;90;40m8[0;34;40m%[0;32;5;40;100m8[0;1;30;90;41m8[0;33;5;41;101m  [0;1;33;93;5;41;101m8@[0;1;33;93;43m.[0;1;31;91;43m8[0;33;5;41;101m [0;33;5;43;103m [0;31;5;41;101m:[0;1;30;90;43m:[0;1;31;91;43m8[0;31;5;41;101m8[0;33;5;40;100m [0;35;5;40;100mt[0;1;30;90;43mt[0;33;5;43;103m [0;33;5;41;101m:[0;1;33;93;43m@[0;33;5;43;103m::[0;1;31;91;43m8[0;33;5;43;103m [0;1;31;91;43m8[0;33;5;43;103m [0;1;33;93;43m:[0;31;5;40;100mX[0;34;40m@X[0;32;40m8[0;30;44m8[0;32;40m@[0;34;40m88[0;32;40m8[0;30;44m8[0;31;5;40;100m@[0;33;5;41;101m.[0;33;5;43;103m [0;31;5;40;100m@[0;33;5;40;100m%[0;34;40m8[0;32;40m8[0;30;44m8[0;32;40m8[0;30;44m8[0;32;5;40;100mS[0;1;31;91;43m8[0;33;5;40;100m8[0;1;30;90;44m8[0;32;40mt[0;1;30;90;40mX[0;31;40mt[0;34;40mt[0;32;40m%[0;31;40mS[0;32;40m%[0;34;5;40;100mS[0;34;40mX[0m   
   [0;34;5;40;100mS[0;35;5;40;100m [0;37;5;40;100m@[0;1;30;90;43m8[0;33;5;43;103m [0;1;31;91;43m8[0;33;5;43;103m.[0;1;31;91;41mt[0;33;41mS[0;1;31;91;43m88[0;33;5;43;103m [0;1;33;93;43m;[0;1;30;90;43mt[0;1;30;90;40m@[0;32;40m@[0;33;5;40;100m8[0;31;43mS[0;33;5;41;101m [0;1;33;93;5;41;101m@8[0;31;43mX[0;33;5;41;101m;[0;1;31;91;41m@[0;33;5;41;101mX[0;33;41m8[0;33;5;40;100m8[0;1;33;93;43mt[0;33;47m88[0;1;30;90;43m8[0;30;41m@[0;1;30;90;43m%[0;33;5;43;103mt[0;1;31;91;43m8[0;33;5;43;103m [0;1;33;93;43m:[0;33;5;43;103m [0;1;33;93;43m:[0;33;5;43;103m [0;1;31;91;43m8[0;1;30;90;43m:[0;32;5;40;100m8[0;34;40mX@[0;36;5;40;100m8[0;34;40m@[0;32;40m8[0;1;30;90;44m8[0;34;40mX[0;32;40m8[0;1;33;93;43mt[0;33;5;43;103m [0;33;5;41;101mX[0;33;5;40;100m:[0;34;5;40;100mS[0;34;40m@8[0;32;40m8[0;30;44m@[0;32;40m8[0;31;5;40;100mX[0;1;30;90;40m8[0;34;40mX[0;1;30;90;40m8[0;34;5;40;100m8[0;31;40m;[0;32;40m%[0;31;40mS[0;1;30;90;40mX[0;34;40m%[0;31;40m%[0;1;30;90;40m8[0;35;5;40;100m8[0m   
  [0;31;40m.[0;35;5;40;100m8[0;34;5;40;100mS[0;1;30;90;47m8%[0;33;5;43;103m: [0;30;41mt[0;34;40m%[0;35;5;40;100m8[0;34;40mS[0;1;30;90;40m8[0;31;40m8[0;33;41m8[0;33;5;43;103m.[0;1;33;93;43m.[0;31;5;40;100m8[0;34;40mt[0;1;30;90;40m8[0;31;5;40;100mX[0;33;41m@[0;33;5;41;101mS;[0;1;30;90;43mt[0;33;41m8[0;31;43mX[0;31;40mX;[0;1;30;90;43m.[0;1;31;91;43m8[0;1;33;93;43m:[0;1;30;90;43mSt[0;33;5;43;103m:: [0;33;5;41;101m [0;33;5;43;103m [0;1;31;91;5;43;103m8[0;33;5;43;103m [0;1;33;93;5;41;101m8[0;33;5;43;103m :;[0;1;33;93;43m;[0;1;30;90;43mt[0;34;40m%[0;1;30;90;40m88[0;30;42m8[0;33;5;40;100mX[0;1;30;90;43m8[0;1;31;91;43m8[0;1;30;90;43m%8[0;31;5;40;100mS[0;30;5;40;100m@[0;32;40m8[0;30;44m8[0;36;5;40;100m8[0;34;40mX8[0;32;40m8[0;30;44m8[0;32;40m8[0;34;40m8[0;34;5;40;100mX[0;31;40m;[0;34;40m%[0;32;40m%[0;31;40m%[0;32;40m%[0;34;40m%[0;31;40m;[0;35;5;40;100m8[0;34;40m:[0m  
  [0;31;40m:[0;35;5;40;100m8[0;34;40m;[0;33;5;40;100m.[0;35;5;40;100m [0;1;30;90;47m8[0;1;33;93;43m.;[0;30;5;40;100m8[0;34;5;40;100mX[0;31;40m;[0;34;40mX[0;1;30;90;40m@[0;34;40mX[0;31;40m@[0;1;30;90;43m@[0;33;5;43;103m [0;1;30;90;41m8[0;32;40mt[0;34;40mt[0;32;40mX[0;1;30;90;40m88[0;30;41m8[0;31;5;40;100m8[0;33;41m@[0;1;30;90;41m@[0;33;41m8[0;1;30;90;43m;::[0;31;43m%[0;33;5;43;103m:[0;33;5;41;101m;[0;33;5;43;103m;t[0;1;33;93;43m;..[0;33;5;43;103m.[0;1;33;93;43m.[0;33;5;43;103m [0;33;5;41;101m.[0;33;5;43;103m:.[0;1;33;93;43m.[0;33;5;43;103m %;;[0;1;33;93;43m:[0;33;5;43;103m   [0;1;33;93;43m:%[0;33;5;40;100m8[0;34;40m8[0;32;40m8[0;34;40m8[0;1;30;90;42m8[0;34;40m88[0;32;40m8[0;1;30;90;44m8[0;32;40mS[0;34;5;40;100m@[0;31;40m;[0;1;30;90;40mX[0;31;40mt[0;34;40mS[0;1;30;90;40m@[0;31;40mt[0;32;40m%[0;35;5;40;100m8[0;34;40m;[0m  
  [0;31;40m:[0;34;5;40;100m@[0;31;40mt[0;1;30;90;40m8[0;35;5;40;100m [0;1;30;90;47mX8[0;33;47m8[0;1;31;91;43m8[0;33;5;40;100m8[0;34;40m%[0;32;5;40;100m@[0;34;40m%[0;1;30;90;40mS@[0;34;40mX[0;1;33;93;43m.;[0;1;30;90;40mX[0;30;5;40;100m8[0;34;40mX[0;30;5;40;100m@[0;32;40mX[0;34;40m8[0;1;30;90;40mX@[0;34;40mX[0;1;30;90;43mt[0;33;5;43;103m.[0;1;33;93;43m%[0;33;5;43;103m [0;1;31;91;43m8[0;33;5;43;103m.S[0;1;31;91;43m8[0;1;33;93;43m;[0;33;5;43;103m [0;1;31;91;5;43;103m@[0;33;5;43;103m [0;1;33;93;5;41;101m8[0;33;5;43;103m .%[0;1;31;91;43m8[0;33;5;43;103m; [0;33;5;41;101m;[0;1;33;93;43mX[0;1;31;91;43m8[0;1;33;93;43m;[0;33;5;43;103m [0;33;5;41;101m.[0;33;5;43;103m:[0;1;33;93;5;41;101m8[0;33;5;43;103m  :[0;31;5;40;100m8[0;34;40m@[0;32;40m@[0;34;40m8[0;32;40m8[0;34;5;40;100m8[0;1;30;90;40m8[0;34;40mXX[0;34;5;40;100mX[0;31;40m;[0;32;40mt[0;1;30;90;40mS[0;32;40mt[0;31;40mt[0;32;40m%[0;34;40mS[0;35;5;40;100m@[0;32;40m:[0m  
  [0;31;40m.[0;35;5;40;100m@[0;34;40m%[0;32;40m%[0;1;30;90;40m8[0;35;5;40;100mt[0;1;30;90;47m@[0;33;5;40;100m.[0;1;30;90;47m.[0;1;33;93;43mS%[0;1;30;90;43m@[0;31;40m8[0;34;40mX[0;1;30;90;40mXX[0;1;30;90;43mS%[0;34;40mS%[0;32;40mX[0;34;40mX[0;1;30;90;40m8[0;32;40mS[0;34;40mX[0;1;30;90;40m@[0;1;33;93;43mS[0;33;5;43;103m   [0;1;31;91;43m8[0;33;5;43;103m [0;1;33;93;43m.[0;33;5;43;103m  [0;33;5;41;101m.[0;1;33;93;43mS[0;1;30;90;43mt[0;31;43m%[0;1;30;90;43m@[0;1;30;90;41m8[0;33;5;40;100m8[0;1;30;90;43m%t[0;31;5;40;100m@[0;37;5;40;100m%[0;33;5;40;100m%[0;35;5;40;100m.[0;1;30;90;47mX[0;35;5;40;100mX[0;1;30;90;47m@[0;33;5;40;100m@[0;1;30;90;43m%[0;33;5;43;103m;[0;33;5;41;101m.[0;33;5;43;103m;:[0;1;33;93;43mt[0;30;5;40;100m8[0;34;40m8[0;30;5;40;100mS[0;34;40m@[0;32;40mX[0;30;44m8[0;30;42m8[0;34;40m@[0;34;5;40;100mS[0;31;40m;[0;32;40mt[0;31;40m%[0;1;30;90;40mS[0;34;40mt[0;1;30;90;40mX[0;32;40m;[0;35;5;40;100m8[0;34;40m;[0m  
   [0;34;5;40;100mS[0;1;30;90;40m@[0;31;40m%t[0;1;30;90;40m@[0;31;5;40;100m8[0;1;30;90;47mt[0;35;5;40;100m;[0;1;30;90;47m8[0;35;5;40;100m [0;1;37;97;47mS[0;33;5;43;103m:[0;1;33;93;43mt[0;1;30;90;43m%%[0;30;41m8[0;1;30;90;40m@[0;34;40m%[0;1;30;90;40m8[0;34;40mX[0;1;30;90;40m@[0;34;40mS[0;33;5;40;100m8[0;1;30;90;43m:[0;33;5;43;103m%..[0;1;31;91;43m8[0;33;5;43;103m  [0;33;5;41;101m%[0;31;43m;[0;1;30;90;41mS[0;30;5;40;100m8[0;32;5;40;100m@[0;33;5;40;100m;[0;32;5;40;100mS[0;36;5;40;100m8[0;1;30;90;42m8[0;32;5;40;100m@[0;34;5;40;100m8[0;35;5;40;100mS%[0;33;5;40;100m;[0;35;5;40;100mt[0;36;5;40;100m%;;8[0;30;42m@8[0;34;40m8[0;1;33;93;43mS[0;33;5;43;103m.;. [0;30;41m8[0;34;40m@[0;32;40m@[0;34;40m8[0;1;30;90;40m8[0;31;5;40;100mX[0;33;41m88[0;34;5;40;100m@[0;31;40m;[0;1;30;90;40mS[0;34;40mt[0;32;40m%[0;31;40mS[0;32;40mt[0;1;30;90;40m8[0;34;5;40;100m@[0m   
   [0;1;30;90;40m@[0;34;5;40;100mX[0;34;40m;[0;31;40mt[0;34;40mt[0;32;40m:[0;34;40m%[0;31;5;40;100mX[0;1;30;90;47m8[0;31;5;40;100m8[0;37;5;40;100m8[0;35;5;40;100mX[0;1;30;90;47mt[0;1;33;93;47mX[0;1;31;91;43m8[0;33;5;43;103m@;%[0;1;33;93;43m%[0;33;5;43;103m%[0;1;33;93;43mX[0;33;5;43;103m.;:;[0;1;31;91;43m8[0;33;5;43;103m [0;1;33;93;5;41;101m8[0;33;41m8[0;31;5;40;100m8[0;1;30;90;42m8[0;36;5;40;100mSX[0;32;5;40;100m8[0;36;42m8@[0;30;42m@[0;1;30;90;42m8[0;32;40m8[0;34;5;40;100m@[0;32;40m@[0;1;30;90;40m88[0;34;40m@[0;30;5;40;100m8[0;1;30;90;40m8[0;30;5;40;100mX[0;1;30;90;42m8[0;30;42m8[0;32;46mX[0;36;42m88[0;30;5;40;100m8[0;1;33;93;43mt[0;1;31;91;5;43;103m8[0;1;31;91;43m8[0;33;5;43;103m [0;33;5;40;100m8[0;31;5;41;101m8[0;1;31;91;43m88[0;1;30;90;43m8[0;1;31;91;43m8[0;1;30;90;47m8[0;35;5;40;100m8[0;31;40m;[0;32;40m;[0;31;40mt[0;1;30;90;40mS[0;31;40mt[0;1;30;90;40mX[0;34;40mt[0;35;5;40;100m8[0;34;40mS[0m   
   [0;31;40m.[0;35;5;40;100m8[0;34;40mt[0;32;40m%[0;31;40m%[0;1;30;90;40mX[0;32;40m;[0;31;40m;[0;34;40mt[0;30;5;40;100m8[0;35;5;40;100mt[0;31;5;40;100m@[0;37;5;40;100mX[0;1;30;90;47m8[0;33;5;40;100m.[0;1;30;90;47m%[0;35;5;40;100m8[0;1;30;90;47m8[0;33;47m8[0;33;5;41;101mX[0;1;33;93;43m.[0;33;5;41;101m.[0;1;33;93;43m.[0;33;5;41;101m [0;1;31;91;43m8[0;1;33;93;5;41;101m8[0;33;41m%[0;31;5;40;100mX[0;36;5;40;100mX%S[0;30;5;40;100m888[0;1;30;90;40m8[0;34;40m8[0;30;5;40;100m8[0;34;40m8[0;30;5;40;100m8[0;34;40mS[0;30;5;40;100m8[0;1;30;90;40m88[0;1;30;90;42m8[0;34;40m@[0;1;30;90;42m8[0;36;42m@88@[0;1;30;90;42m8[0;36;42m@8[0;31;43mX[0;33;5;43;103m  [0;1;31;91;43m8[0;1;30;90;43m;[0;1;30;90;40m8[0;33;5;40;100mS[0;37;5;40;100mX@[0;35;5;40;100m S[0;1;30;90;40m8[0;31;40mt[0;34;40m%[0;32;40m%[0;1;30;90;40mS[0;34;40m;[0;32;40mt[0;31;40m%[0;35;5;40;100m8[0;32;40m:[0m   
    [0;1;30;90;40m@[0;35;5;40;100m8[0;34;40m;[0;32;40m%[0;31;40mt[0;1;30;90;40mS[0;32;40mt[0;31;40m%[0;32;40m;[0;34;5;40;100mS[0;31;40m;[0;1;30;90;40m@@[0;35;5;40;100mX[0;37;5;40;100m8[0;33;5;40;100mS [0;37;5;40;100mS[0;31;5;40;100mS[0;1;30;90;47m%S[0;33;5;40;100m8[0;1;30;90;47mt.[0;1;30;90;40m8[0;35;5;40;100m [0;36;5;40;100m:S[0;30;5;40;100m8[0;1;30;90;40m8[0;30;5;40;100m8[0;34;40m@[0;30;5;40;100m8[0;1;30;90;40m88[0;32;5;40;100m@[0;30;42m8[0;32;46m8[0;36;42mXX[0;32;40m8[0;36;5;40;100m8[0;32;40m8[0;36;42m8[0;30;42m@[0;32;46m8[0;30;42m8[0;32;46m8[0;30;42m8[0;32;46m8[0;30;42m@[0;1;30;90;46m:[0;1;31;91;43m8[0;33;5;43;103m:. [0;1;30;90;41m8[0;36;5;40;100mt[0;34;40m;[0;35;5;40;100mt[0;31;5;40;100m@[0;30;5;40;100m8[0;34;5;40;100mX[0;31;40m;[0;32;40mt[0;1;30;90;40mX[0;31;40m%[0;32;40mt[0;31;40m%[0;1;30;90;40mX[0;34;5;40;100m8[0;34;40mX[0m    
     [0;34;5;40;100mX[0;1;30;90;40m8[0;34;40mt[0;1;30;90;40mS[0;31;40m;[0;1;30;90;40mSS[0;31;40m%[0;34;40mt[0;35;5;40;100m8[0;32;40m;[0;31;40m%[0;32;40mt[0;34;40m%[0;1;30;90;40m8[0;31;5;40;100mX[0;33;5;40;100m [0;31;5;40;100m@[0;33;5;40;100m [0;1;30;90;47m@[0;30;5;40;100m@X@[0;36;5;40;100m :[0;34;5;40;100mX[0;1;30;90;40m88[0;34;40m8[0;30;5;40;100m8[0;1;30;90;42m8[0;32;40m8[0;30;44m8[0;1;30;90;42m8[0;30;42m8[0;1;30;90;44m8[0;30;42mX[0;36;42m888[0;30;42mX[0;32;46m8[0;36;42m8888888[0;32;40m8[0;1;30;90;43m;[0;33;5;43;103m.[0;1;31;91;43m8[0;33;5;43;103m [0;33;41m8[0;1;30;90;42m8[0;36;5;40;100m8X[0;1;30;90;40m8[0;32;40mt[0;34;5;40;100mX[0;31;40m;[0;1;30;90;40m8[0;31;40m%[0;34;40m%[0;1;30;90;40mSS[0;34;40m;[0;1;30;90;40m8[0;35;5;40;100m8[0m     
     [0;31;40m:[0;35;5;40;100m8[0;34;40mS[0;31;40m%[0;30;5;40;100m8[0;36;5;40;100m.[0;1;37;97;47m%[0;36;5;40;100m [0;1;30;90;40mX[0;32;40m;[0;34;5;40;100mX[0;34;40mX[0;31;40mS[0;1;30;90;40mXS[0;31;40mt[0;1;30;90;40m@[0;34;40m%[0;1;30;90;40m8[0;30;5;40;100m8[0;1;30;90;40m8[0;31;5;40;100mS[0;36;5;40;100m:t[0;34;5;40;100m@[0;1;30;90;40m88[0;30;5;40;100m8[0;1;30;90;40m8[0;32;40m8[0;1;30;90;46m.[0;1;30;90;42m@[0;36;42mX88X8[0;30;42m@[0;32;46m8[0;36;42m@8@[0;30;42m8[0;32;46m8[0;30;42m8[0;32;46m8[0;30;42m8[0;32;46m8[0;31;5;40;100mX[0;1;33;93;43mX[0;33;5;43;103m .[0;1;31;91;43m8[0;1;30;90;43mX[0;1;30;90;42m8[0;36;42m@[0;30;42m8[0;36;5;40;100m@%[0;34;5;40;100m@[0;31;40m;[0;1;30;90;40m8[0;35;5;40;100m [0;1;30;90;47m.[0;33;5;40;100m [0;1;30;90;40mX[0;31;40m;[0;1;30;90;40m8[0;34;5;40;100mX[0;34;40m [0m     
      [0;31;40m:[0;35;5;40;100mX[0;34;40mX[0;32;40m%[0;30;5;40;100mX[0;37;5;40;100mX@[0;33;5;40;100m.[0;31;5;40;100mS[0;32;40m:[0;30;5;40;100m@[0;34;5;40;100m8[0;31;40m:[0;32;40mt[0;34;40m%[0;32;40m%[0;1;30;90;40mS[0;30;41m8[0;31;40m8[0;30;5;40;100m8[0;36;5;40;100m.%[0;34;5;40;100m@[0;1;30;90;40m@88[0;36;42m88[0;30;42m8[0;32;40m8[0;32;46m8[0;32;40m8[0;36;42m8[0;30;42m@[0;32;46m8[0;30;42m@[0;32;46m@[0;30;42m8[0;36;42m8[0;30;42m8[0;32;46m8[0;36;42m8@88[0;30;5;40;100m8[0;1;30;90;43m [0;33;5;43;103m::[0;33;41m8[0;33;5;40;100m8[0;1;30;90;42m8[0;36;42m@@@@[0;30;5;40;100m8[0;34;40mX[0;31;40m%[0;33;5;40;100m.[0;30;5;40;100m@[0;1;30;90;40m8[0;37;5;40;100mS[0;1;30;90;40m8[0;32;40mt[0;1;30;90;40m8[0;35;5;40;100m8[0;34;40m:[0m      
        [0;34;5;40;100mX[0;1;30;90;40m8[0;31;40mt[0;36;5;40;100mt[0;33;5;40;100m.[0;36;5;40;100m ;[0;35;5;40;100m.[0;31;40mt[0;32;40m;[0;34;5;40;100mX[0;1;30;90;40m8[0;31;40mS[0;1;30;90;40m@[0;33;41m@8[0;1;30;90;40m@[0;36;5;40;100m ;@[0;1;30;90;40m88[0;32;5;40;100m@[0;30;42m8[0;32;46m8[0;1;30;90;40m8[0;36;5;40;100m8[0;34;40mX[0;1;30;90;40m8[0;30;5;40;100mX[0;36;42m8[0;32;40m8[0;1;30;90;46m:[0;32;40mX[0;34;5;40;100mX[0;32;40m8[0;32;46m8[0;36;42m8[0;34;40mX[0;32;40m8[0;32;46m8[0;32;40m8[0;30;5;40;100m@[0;33;5;43;103m%.[0;1;31;91;43m8[0;33;5;40;100m8[0;1;30;90;42m8[0;36;42mX@[0;30;42m8[0;36;42m8[0;30;44m8[0;34;5;40;100m@[0;31;40m%[0;1;30;90;40mS[0;33;5;40;100m;[0;35;5;40;100mS[0;33;5;40;100m .[0;30;5;40;100mX[0;31;40mt[0;30;5;40;100m8[0;1;30;90;44m8[0;31;40m.[0m       
         [0;30;5;40;100m8[0;34;5;40;100m@[0;31;40m;;[0;1;30;90;40m8[0;33;5;40;100m  [0;36;5;40;100m [0;35;5;40;100m%[0;31;40m.[0;1;30;90;40mX[0;34;5;40;100m8[0;33;41mX[0;33;5;40;100mX[0;1;30;90;41m8[0;30;5;40;100m@[0;36;5;40;100m %[0;30;5;40;100m8[0;1;30;90;42m8[0;36;42m888[0;30;42m@[0;36;42m8S[0;1;30;90;42m8[0;34;40m@[0;32;40mX[0;30;44m8[0;30;5;40;100m8[0;32;40m8[0;32;5;40;100mS[0;36;42mX8[0;30;42m@[0;32;46m8[0;1;30;90;42m8[0;30;5;40;100mS[0;36;42m@[0;32;46m8[0;31;43mt[0;33;5;43;103m.[0;1;33;93;43m.[0;1;30;90;43mS[0;30;42mX[0;32;46m8[0;30;42m8[0;32;5;40;100mS[0;1;30;90;43m@[0;34;40m8[0;1;30;90;40m@[0;31;40m%[0;36;5;40;100m [0;1;30;90;40mS[0;36;5;40;100m [0;1;30;90;47m;[0;33;5;40;100m:[0;32;40m;[0;34;40mt[0;35;5;40;100m8[0;34;40m8[0m         
          [0;34;40mt[0;35;5;40;100m8[0;34;40m@[0;32;40m%[0;31;40mS[0;36;5;40;100m [0;37;5;40;100m@@[0;33;5;40;100m:[0;30;5;40;100m@[0;31;40mtS[0;34;5;40;100mS[0;34;40mX[0;35;5;40;100m;[0;36;5;40;100mt[0;34;5;40;100mS[0;1;30;90;42m8[0;36;42m8[0;30;42m8[0;32;46m8[0;36;42m88@[0;30;42m@[0;32;46m8[0;36;42m@[0;1;30;90;42m8[0;36;42m@[0;1;30;90;42m8[0;32;40m8[0;36;44m8[0;30;42mS[0;36;42m88@@X[0;30;42m@[0;32;46m8[0;1;30;90;41m8[0;33;5;43;103m.[0;1;31;91;5;43;103m8[0;1;33;93;43m:[0;1;30;90;43m88S[0;1;33;93;43m%[0;31;5;40;100m8[0;1;30;90;40m@[0;33;5;40;100m: [0;37;5;40;100m8[0;1;30;90;47mX[0;33;5;40;100m [0;1;30;90;40mX[0;32;40m;[0;30;5;40;100m@[0;34;5;40;100mS[0;34;40m;[0m          
            [0;1;30;90;40m8[0;35;5;40;100m8[0;34;40mX[0;32;40m%[0;30;5;40;100mX[0;33;5;40;100mt[0;35;5;40;100m [0;37;5;40;100mS[0;1;30;90;47mS[0;30;5;40;100m8[0;31;40mS[0;32;40m%[0;34;40mX[0;30;5;40;100m@[0;34;5;40;100m8[0;1;30;90;40m8[0;32;46m8[0;36;42m8[0;30;42m8[0;32;46m8[0;30;42m8[0;32;46m8[0;36;42m8X@@@88[0;30;42mX[0;32;5;40;100mS[0;36;42m@[0;30;42m8[0;32;46m8[0;32;40m8[0;30;44m8[0;36;42m8[0;30;42m8[0;1;30;90;40m8[0;31;5;40;100m8[0;1;30;90;43m8t;t[0;31;43m8[0;30;5;40;100m8[0;31;40m:[0;30;5;40;100m8[0;1;30;90;47m8t[0;33;5;40;100m;[0;1;30;90;40mS[0;32;40m;[0;1;30;90;40m8[0;34;5;40;100mS[0;34;40m@[0m            
              [0;1;30;90;40m8[0;35;5;40;100m8[0;34;40mX[0;31;40m;[0;1;30;90;40m8[0;36;5;40;100m%[0;1;30;90;47mX[0;33;5;40;100m [0;1;30;90;47m8[0;35;5;40;100m:[0;33;5;40;100m%[0;34;40m:[0;31;40m:[0;34;40mtS8[0;34;5;40;100m8[0;1;30;90;40m8[0;36;5;40;100m8[0;34;40m8[0;1;30;90;42m8[0;30;42m8[0;32;46m8[0;32;40m8[0;36;42m8[0;30;42m8[0;32;46m8[0;36;42m8[0;34;40mS[0;30;42m8[0;1;30;90;46m.[0;32;40m8[0;36;5;40;100m8[0;30;5;40;100mX[0;34;5;40;100m8[0;1;30;90;40m8[0;34;40m8[0;1;30;90;40m8[0;31;40mS@[0;1;30;90;40m@[0;35;5;40;100m;[0;1;30;90;47mX:[0;37;5;40;100mS[0;1;30;90;40m@[0;32;40m;[0;1;30;90;40m@[0;31;40m:[0;1;30;90;40m8[0;34;5;40;100mS[0;34;40m8[0m              
                [0;34;40mS[0;35;5;40;100m8[0;1;30;90;40m@[0;34;40mt[0;31;40m%[0;1;30;90;40m8[0;33;5;40;100m [0;1;30;90;47m8[0;1;30;90;40mS[0;31;40m;[0;37;5;40;100mS[0;33;5;40;100mt[0;35;5;40;100m [0;31;5;40;100m@[0;32;40m:[0;34;40m:[0;32;40m:%[0;34;40m88[0;1;30;90;40m8[0;30;44m8[0;1;30;90;40m8[0;30;44m8[0;31;40m@[0;30;44m8[0;30;5;40;100m8[0;34;40m8[0;31;40m@[0;34;40m8[0;31;40m;[0;32;40mt:[0;34;40mt[0;33;5;40;100m@[0;36;5;40;100mt [0;37;5;40;100m@[0;33;5;40;100m [0;37;5;40;100m8[0;33;5;40;100mt[0;35;5;40;100m.[0;32;40m;[0;31;40m%[0;1;30;90;40mX[0;34;5;40;100m8@[0;31;40m%[0m                
                   [0;1;30;90;40m8[0;34;5;40;100m@@[0;31;40mS[0;34;40mt[0;32;40mt[0;1;30;90;40m8[0;35;5;40;100m:[0;36;5;40;100mt[0;1;30;90;47m%[0;32;40mt[0;31;40mt[0;37;5;40;100m@[0;1;30;90;47mt[0;35;5;40;100m [0;37;5;40;100m@[0;33;5;40;100m:[0;31;5;40;100m8[0;35;5;40;100m:[0;31;5;40;100mS[0;1;30;90;40m8[0;36;5;40;100m [0;33;5;40;100m [0;30;5;40;100m8[0;33;5;40;100m t[0;36;5;40;100m.[0;1;30;90;47mS[0;35;5;40;100m.[0;37;5;40;100mX[0;32;40m;[0;30;5;40;100m@[0;37;5;40;100mX[0;35;5;40;100m .[0;1;30;90;40m8[0;30;5;40;100m8[0;34;40m:[0;1;30;90;40m@[0;34;5;40;100m@8[0;31;40mX[0m                   
                      [0;34;40mX[0;35;5;40;100m8[0;30;5;40;100m8[0;34;5;40;100m8[0;31;40mtt[0;34;40mt[0;31;40m%[0;32;40m%[0;35;5;40;100m  t[0;1;30;90;47mS[0;37;5;40;100mS[0;34;40m:[0;36;5;40;100m  [0;30;5;40;100mX[0;1;30;90;47mX[0;33;5;40;100m.[0;37;5;40;100mX[0;1;30;90;47mX[0;35;5;40;100m.[0;37;5;40;100m8[0;33;5;40;100m.[0;36;5;40;100m [0;35;5;40;100m;[0;31;40m:[0;34;40m;[0;31;40m%[0;1;30;90;40mXX[0;34;5;40;100m8[0;1;30;90;40m8[0;34;5;40;100mX[0;31;40m%[0m                      
                          [0;34;40m%[0;30;5;40;100mX[0;34;5;40;100m@[0;30;5;40;100m8[0;34;5;40;100mX@[0;31;40mX[0;1;30;90;40mX[0;34;40m%[0;31;40m%[0;32;40mS[0;1;30;90;40m@[0;34;40mt[0;32;40mt[0;31;40m%[0;1;30;90;40mX[0;31;40m;[0;32;40m;[0;31;40mt[0;34;40mS[0;1;30;90;40m88[0;34;5;40;100m8[0;1;30;90;40m8[0;34;5;40;100mX[0;30;5;40;100m8[0;30;44m8[0;31;40mX[0m                          
                                 [0;34;40m%[0;30;5;40;100m88[0;1;30;90;44m8[0;1;30;90;40m8[0;30;5;40;100mS[0;34;5;40;100m8[0;1;30;90;40m8[0;34;5;40;100m8[0;1;30;90;40m8[0;34;5;40;100m8[0;1;30;90;40m88[0;34;40mS[0m                                 
                                                                                
